layout_spectrum: 0.2808808
typography_spectrum: 0.5519868
color:
  saturation: 0.4641857
  lightness: 0.7246786
  brandStrength: 0.1081576
  rhythmicContrast: 0.324679
name: One.Earth Challanged
